1124
393 355 64
17 92 49
415 232 94
522 498 67
376 453 87
64 510 56
435 358 92
253 523 1
139 28 53
436 158 19
390 533 87
192 14 13
113 348 84
288 65 13
383 131 10
260 355 104
25 498 19
135 346 82
443 363 87
288 369 1
189 43 42
435 172 0
30 12 100
288 17 75
258 56 13
435 355 92
88 553 98
25 461 47
517 135 106
309 158 56
142 363 87
282 424 1
435 142 92
112 286 85
302 231 47
302 423 19
491 527 16
127 373 87
491 527 77
253 291 13
66 450 13
17 517 112
311 498 56
143 467 47
348 14 13
30 363 87
426 88 100
361 116 19
461 81 87
365 383 47
101 185 21
435 507 92
418 396 39
426 324 1
309 13 50
288 507 7
308 308 1
153 158 19
353 552 39
368 538 100
179 460 106
415 345 54
426 159 98
200 270 23
358 506 1
86 396 39
288 263 62
38 38 25
93 333 19
299 352 13
402 244 98
435 127 92
312 88 48
391 376 47
427 333 78
513 376 107
2 101 85
66 280 23
218 418 44
46 487 47
37 476 66
38 555 31
435 37 92
69 49 5
383 116 56
293 116 56
355 396 39
260 57 13
418 52 98
407 154 62
204 396 39
457 434 87
136 351 2
49 351 53
355 223 87
104 538 100
280 500 19
143 423 19
357 553 100
393 547 87
376 314 98
355 309 96
288 158 67
250 406 42
37 554 1
87 483 13
69 179 19
435 258 92
415 438 100
220 84 98
142 295 98
98 409 73
131 131 1
371 525 106
376 513 20
260 309 15
409 440 93
86 423 56
491 170 1
80 34 68
435 220 92
435 208 0
325 540 106
353 392 1
49 363 87
288 309 6
402 62 90
435 90 92
383 363 87
435 130 92
355 477 23
507 288 7
208 552 39
426 44 87
17 507 10
177 141 85
435 522 92
441 363 87
390 13 50
34 246 1
435 87 92
380 158 112
159 15 83
319 363 87
292 510 19
64 363 87
289 444 47
148 328 98
282 363 87
499 267 19
17 393 96
66 257 87
540 218 21
220 159 98
355 17 105
127 503 87
348 68 37
476 341 67
30 17 107
435 49 92
254 349 53
492 418 105
391 371 19
177 225 85
522 528 33
177 16 85
220 378 87
435 131 92
220 363 87
348 249 6
288 481 34
390 507 75
309 552 39
5 109 13
20 441 97
492 31 77
507 336 98
439 288 95
390 533 14
478 258 22
235 376 73
117 498 19
199 271 98
190 509 17
218 52 98
64 262 13
498 548 106
208 192 108
507 329 15
191 288 5
416 186 42
31 289 100
355 393 96
208 24 42
48 329 54
491 139 70
80 20 19
17 521 23
480 355 96
258 457 43
3 363 87
355 327 23
301 465 1
266 390 47
301 252 13
66 155 43
189 550 74
518 267 19
480 17 96
536 185 108
345 438 100
30 489 23
260 313 1
260 355 71
165 380 72
508 175 98
185 363 87
522 81 87
288 189 111
49 210 1
353 412 26
508 288 7
243 427 93
218 446 1
353 507 10
333 169 106
189 122 42
88 137 5
507 532 59
342 553 93
346 12 12
357 221 13
380 158 40
137 510 19
201 17 21
94 150 62
536 196 13
432 177 98
414 255 13
486 423 19
435 357 92
382 125 73
30 135 5
476 433 13
537 20 19
382 510 19
407 236 57
309 65 13
390 309 6
480 288 108
90 498 56
491 48 105
341 156 106
231 88 48
544 158 19
185 295 98
231 2 23
427 427 1
17 168 87
440 266 73
34 41 100
372 488 19
435 478 92
280 66 47
355 183 71
31 160 1
353 11 23
435 441 92
348 118 6
90 290 13
17 348 10
435 282 92
514 258 6
432 490 25
361 356 73
117 311 47
365 116 19
345 552 39
17 112 76
309 158 40
130 417 1
426 510 56
372 303 93
436 288 84
390 15 85
200 328 23
194 11 93
150 316 73
435 136 92
390 496 98
426 493 13
55 350 13
527 491 16
418 4 1
427 473 98
90 97 25
357 17 96
357 507 18
435 480 92
226 421 84
435 299 0
507 510 56
380 39 60
556 538 73
467 8 47
180 393 16
35 119 19
190 116 19
17 80 23
288 390 54
348 159 98
521 287 85
64 396 39
35 411 13
435 443 92
30 346 5
206 86 47
226 256 84
235 371 19
90 305 5
418 218 96
64 88 48
309 283 87
45 507 23
112 200 75
17 51 110
280 211 84
171 501 85
260 17 108
66 353 10
21 58 85
167 531 106
476 331 1
334 17 47
432 429 13
307 158 40
31 216 13
145 488 19
94 498 67
200 105 42
507 390 75
474 311 23
200 112 75
435 329 92
435 236 92
165 261 1
348 312 30
131 383 10
142 546 98
131 549 87
418 110 87
250 267 56
432 366 85
21 167 19
301 557 53
35 348 10
344 306 85
474 498 19
427 363 87
35 172 18
236 132 13
18 454 93
443 62 90
309 480 71
180 288 15
31 511 42
301 380 107
293 365 100
508 507 96
136 49 105
136 133 1
185 396 39
45 488 19
75 341 19
270 376 47
474 140 84
17 297 1
415 247 13
98 510 19
345 144 18
407 431 87
435 418 92
328 371 19
390 363 87
391 200 5
345 363 87
235 205 85
435 437 92
35 177 98
20 209 106
316 464 73
477 309 93
416 538 100
435 312 0
555 156 106
556 128 19
17 200 113
393 213 1
435 30 92
540 343 73
3 3 1
526 124 73
435 470 92
219 78 85
183 158 40
149 77 2
358 17 10
435 38 92
165 330 13
372 393 23
376 379 1
282 325 56
401 482 85
355 387 1
78 244 21
309 390 105
463 116 19
189 288 100
357 507 7
70 354 41
443 326 85
435 427 92
348 192 30
435 8 92
380 278 13
416 88 100
38 491 16
189 158 56
17 185 75
258 478 79
492 339 1
488 342 106
127 60 1
165 390 72
208 312 57
444 31 7
402 484 98
31 168 87
492 325 56
536 557 53
177 82 85
476 171 52
346 517 19
137 64 47
192 88 48
220 42 13
390 17 36
258 277 58
266 111 85
418 428 13
353 17 36
414 317 87
259 17 77
5 488 31
345 247 13
435 319 92
21 146 85
254 449 53
311 73 1
383 293 21
519 507 47
480 65 13
218 282 7
226 268 84
90 447 24
5 195 1
435 64 92
463 509 17
172 35 36
17 34 32
432 54 1
441 20 67
435 192 0
201 480 51
491 329 105
480 526 23
130 28 3
507 17 96
8 396 85
444 76 1
509 383 47
319 345 10
140 0 84
197 288 47
555 491 97
90 498 40
329 17 9
282 218 7
435 426 92
177 119 19
231 326 85
80 41 42
508 88 48
435 189 92
47 158 19
143 86 5
94 193 13
17 451 23
461 528 33
183 13 23
70 1 56
390 17 7
435 250 92
489 517 19
253 22 2
17 288 75
393 355 70
187 286 42
214 158 80
435 86 92
383 17 27
443 473 98
113 208 47
393 32 13
319 102 98
166 488 112
220 27 1
17 295 98
309 1 56
189 147 1
136 291 13
192 552 39
288 552 39
172 178 87
185 536 6
314 371 19
327 390 47
418 325 56
66 507 10
435 461 92
327 430 98
507 288 100
390 315 87
527 72 1
90 198 1
142 459 89
507 158 56
218 264 13
319 121 42
435 301 0
319 319 1
507 357 36
319 10 48
461 416 67
258 267 67
200 51 23
189 552 39
335 341 19
435 31 92
452 128 19
17 190 23
236 407 88
507 77 2
0 471 1
445 371 19
141 161 85
507 180 96
390 288 54
293 383 107
201 425 81
390 162 60
17 292 113
388 455 61
353 539 13
309 529 1
372 63 93
191 507 47
372 145 93
407 61 1
3 348 7
491 552 39
345 398 98
355 57 13
423 182 106
37 40 13
390 360 85
17 390 18
158 472 106
301 248 87
275 469 65
435 0 92
25 349 2
66 552 39
30 489 50
66 50 1
189 91 42
553 336 47
200 148 98
293 276 23
299 552 39
17 353 18
49 291 13
17 396 39
274 48 5
200 376 107
204 88 48
435 259 92
55 273 1
416 449 53
5 437 46
435 112 92
192 312 71
117 0 5
535 423 19
265 288 47
8 363 87
265 380 5
301 367 42
46 333 19
87 497 87
435 383 92
435 293 92
139 329 27
507 488 56
435 311 92
293 363 87
522 150 62
416 274 48
112 74 13
390 9 98
280 212 85
113 88 84
30 30 1
409 510 19
288 363 87
69 253 47
2 333 19
435 491 92
418 343 48
340 240 93
36 488 19
390 552 39
435 527 92
204 488 56
219 293 47
507 88 100
340 267 19
270 371 19
507 288 36
112 310 1
435 345 0
335 543 85
189 17 21
35 96 1
17 309 109
218 418 96
128 495 106
12 135 101
78 304 93
206 231 47
407 132 13
435 34 92
236 224 1
415 451 100
293 383 16
508 396 39
250 258 36
470 29 13
127 66 69
93 244 21
507 552 39
172 172 1
172 321 101
276 116 19
265 158 19
189 151 42
435 94 92
228 267 19
480 207 1
380 298 87
470 420 1
329 130 71
435 380 92
435 308 92
380 124 23
165 322 87
34 129 42
452 33 47
435 3 0
311 26 53
142 220 96
171 341 19
477 201 93
415 232 11
494 17 23
480 309 71
435 139 92
179 49 97
480 17 16
285 106 23
190 131 47
87 244 53
17 390 107
507 442 42
435 536 0
319 398 98
383 394 1
343 325 19
172 374 53
199 335 23
327 158 19
526 370 5
439 395 19
435 200 92
66 363 87
259 468 1
473 244 35
48 4 13
508 488 56
312 208 96
329 48 54
522 188 13
48 363 87
17 390 7
537 34 47
208 7 4
185 12 76
200 363 87
355 271 76
17 355 6
390 480 6
492 184 87
66 159 98
345 229 85
436 189 47
189 99 42
17 177 38
407 507 108
508 323 42
204 109 13
64 479 1
17 57 13
299 159 98
293 293 1
51 376 47
312 552 39
254 462 87
231 101 23
312 14 13
390 203 3
67 410 85
162 388 65
416 88 48
480 1 56
521 423 19
435 444 92
427 333 50
17 436 76
402 402 1
510 294 106
507 13 50
5 396 39
142 181 1
17 546 98
260 17 104
390 275 60
299 363 87
177 164 85
390 88 100
388 115 61
435 17 92
536 400 1
10 229 84
135 334 17
451 167 19
348 552 39
309 526 23
106 179 19
329 4 13
90 26 2
185 100 98
329 363 87
200 530 90
345 102 98
358 355 10
489 17 86
30 489 98
30 489 96
12 231 47
507 159 98
302 86 47
36 355 23
432 363 87
439 158 19
189 288 15
478 59 105
130 329 71
48 347 1
435 376 92
267 156 106
457 518 23
443 427 91
393 355 96
457 457 1
21 232 21
416 464 100
476 44 87
5 488 56
139 234 87
507 307 1
491 422 87
435 402 92
131 383 107
329 288 9
393 17 96
208 83 62
127 108 87
131 383 86
329 28 3
345 546 98
48 491 96
107 288 47
418 325 40
204 408 1
436 189 84
107 380 5
345 456 1
236 239 87
507 17 10
357 204 15
480 390 108
432 6 85
185 403 1
380 448 1
17 31 96
182 88 73
435 407 92
416 491 21
357 488 56
335 476 47
435 55 92
8 17 77
345 504 85
355 271 107
311 23 13
508 230 1
220 556 50
355 547 8
308 20 67
139 139 1
17 159 98
435 48 92
558 186 42
0 498 67
508 510 77
17 69 23
228 258 47
69 233 76
218 363 87
435 254 92
51 371 19
219 116 19
402 93 23
415 363 87
17 363 87
311 123 87
218 325 77
236 189 6
402 363 87
10 504 84
348 516 1
415 245 1
491 38 21
491 527 70
34 281 13
390 65 13
107 158 19
171 238 98
480 13 50
357 542 1
329 19 1
435 414 92
189 375 48
112 404 90
435 415 92
435 457 92
39 377 4
435 35 0
204 180 75
17 183 6
36 166 5
348 177 98
402 326 85
467 502 85
94 528 33
177 384 85
64 88 100
254 498 56
390 159 98
345 159 98
45 357 5
17 309 6
48 67 81
226 359 83
204 507 96
353 159 98
355 547 87
189 152 87
473 244 44
500 412 106
142 359 85
477 430 85
11 500 19
197 158 19
228 457 5
508 488 112
357 552 39
390 53 1
470 174 87
372 36 93
393 180 96
435 183 92
376 362 13
329 555 67
120 552 85
163 197 73
231 535 85
299 551 1
94 81 87
353 363 87
443 443 1
0 26 3
142 533 14
508 363 87
435 309 92
21 505 85
445 314 98
522 103 1
189 242 45
385 158 19
418 492 6
435 165 92
491 4 13
220 142 96
470 319 36
345 17 10
435 390 92
277 258 108
204 357 27
312 348 108
449 318 73
435 432 0
461 461 1
492 428 13
527 458 13
8 396 39
17 270 110
197 512 93
17 507 9
358 419 87
269 367 19
64 389 50
435 353 92
227 386 85
200 126 13
21 10 21
191 158 19
189 132 13
185 300 87
390 266 50
556 176 85
254 254 1
309 288 105
70 79 63
427 295 98
380 370 105
435 277 92
119 89 106
0 150 62
127 320 13
439 405 2
388 222 61
112 445 25
470 438 100
253 49 105
282 337 13
189 296 42
200 332 1
21 237 85
114 399 47
243 333 19
508 488 40
34 81 87
142 279 13
250 466 87
508 397 13
17 346 102
125 510 19
441 441 1
519 284 93
166 342 59
231 438 100
480 552 39
130 527 6
185 196 13
200 534 98
104 220 85
254 305 5
236 507 54
418 363 87
94 381 1
293 276 50
435 393 92
288 480 6
112 363 87
86 86 1
348 134 87
243 386 93
435 492 92
435 348 0
435 185 92
145 17 23
390 510 56
125 426 47
435 218 92
308 138 42
116 356 106
66 77 2
491 38 70
435 272 92
220 142 21
292 382 73
130 458 13
259 364 87
0 528 33
507 363 87
232 167 19
480 183 21
49 71 87
139 491 20
17 463 23
416 88 5
18 34 47
508 288 15
376 371 56
494 158 19
45 204 47
288 507 18
348 321 101
86 363 87
0 81 87
204 553 100
150 498 19
492 396 39
131 116 56
266 510 19
8 8 1
508 163 112
463 131 47
426 552 39
48 491 6
435 476 92
507 1 56
376 525 29
444 95 13
477 158 19
254 349 100
192 348 105
474 90 47
358 157 13
202 202 13
199 17 77
258 413 1
370 380 6
240 231 47
390 366 85
390 214 4
435 66 92
55 217 87
200 235 96
185 17 75
507 132 13
288 546 98
260 396 39
292 426 47
435 508 92
282 325 40
0 524 13
427 333 23
345 167 67
444 325 40
289 325 19
435 288 92
131 363 87
86 467 50
227 333 67
38 28 2
491 527 45
508 520 25
259 85 13
209 338 85
285 106 50
559 177 47
527 173 87
258 250 18
204 541 98
5 180 46
319 232 11
112 148 98
414 475 1
241 20 56
519 510 19
353 390 10
329 491 6
114 515 47
312 118 71
172 177 98
390 222 4
192 208 96
86 545 87
215 119 19
410 485 28
435 253 92
507 88 55
328 200 47
383 251 99
218 343 48
349 464 85
402 185 10
201 183 103
218 552 39
17 537 23
35 453 87
521 120 47