1106
395 542 77
130 190 43
25 337 54
25 220 54
534 511 66
184 392 13
505 277 95
498 286 8
25 124 54
130 233 46
353 379 7
101 3 42
252 366 8
362 280 84
244 517 32
22 141 97
287 152 66
171 66 8
195 321 105
25 524 54
52 470 53
130 542 48
401 239 13
351 138 30
358 540 49
184 371 92
13 404 8
264 233 94
37 93 90
154 401 61
493 120 30
66 221 81
171 251 53
378 394 83
502 6 92
142 97 92
36 366 8
226 44 81
195 439 105
17 17 92
508 492 3
448 248 30
130 114 3
75 391 50
127 104 33
129 341 2
25 116 54
323 466 92
502 442 30
524 537 82
542 191 66
439 320 50
401 154 61
280 265 88
359 434 74
347 347 92
130 546 32
158 439 63
280 442 30
493 509 66
271 318 66
17 130 27
238 420 38
300 192 95
280 54 74
116 218 66
22 311 50
285 204 92
362 433 92
177 275 53
403 545 13
22 35 30
179 170 95
493 263 74
439 379 13
395 542 97
54 197 3
237 518 42
459 71 66
100 293 42
337 210 66
25 114 54
280 22 105
525 545 8
359 512 66
321 367 72
448 131 26
502 150 66
25 117 54
541 36 74
516 233 32
537 439 80
516 278 92
535 187 92
508 366 8
74 442 30
93 379 7
8 439 74
321 78 30
337 239 7
168 168 92
60 366 13
93 379 6
127 395 9
280 226 6
439 233 89
529 154 77
25 2 54
321 280 55
398 321 36
60 214 92
129 411 66
543 543 92
217 535 49
132 358 49
168 80 21
55 23 46
19 480 66
280 23 78
372 193 66
483 539 92
421 367 47
176 118 46
130 233 94
280 393 74
280 217 74
225 286 8
25 280 54
177 39 53
25 403 54
342 385 19
342 82 66
492 1 48
524 537 61
342 107 77
25 372 54
168 333 3
532 22 52
439 202 92
93 90 74
519 379 8
478 265 48
359 138 30
25 121 54
416 418 66
439 280 105
260 379 8
287 493 70
164 66 8
162 280 48
25 529 54
439 84 77
208 206 92
288 442 30
524 442 30
439 193 66
351 84 77
541 60 101
116 467 42
493 381 31
537 379 33
25 450 54
136 48 50
321 256 22
59 145 81
44 23 102
220 235 92
54 471 49
500 231 81
535 419 31
19 302 92
238 53 42
385 133 30
22 140 76
502 77 30
390 276 66
32 248 30
476 503 3
158 397 30
491 481 3
540 540 92
497 478 74
541 36 75
21 59 8
111 33 66
280 363 39
359 353 41
265 80 21
271 474 32
74 331 87
23 460 67
288 358 75
46 545 8
321 135 97
398 156 30
447 355 8
524 392 6
439 321 88
203 280 62
445 18 3
288 288 92
321 437 17
182 456 77
377 381 31
161 238 52
111 474 32
439 280 77
524 243 66
351 280 77
372 158 107
129 441 3
125 1 50
372 238 97
32 131 26
265 34 50
184 33 66
398 176 74
537 298 100
124 124 92
137 490 94
271 111 82
400 32 49
268 2 49
516 66 13
390 442 30
185 1 86
265 415 30
543 223 55
403 360 2
439 442 30
109 507 8
398 135 41
52 91 53
135 280 77
398 379 13
479 239 8
101 255 66
359 30 92
130 233 32
127 537 28
46 327 52
260 537 46
490 94 52
280 398 97
450 520 43
363 516 49
390 10 58
48 355 8
238 280 48
22 445 50
403 520 31
2 442 30
470 59 68
280 537 88
135 176 74
398 379 7
233 446 46
25 101 54
54 286 8
280 321 61
439 307 75
285 115 30
410 537 49
109 41 3
74 253 66
22 314 73
321 233 32
271 280 77
25 538 54
125 80 21
483 542 101
215 465 8
456 453 66
182 311 50
244 244 92
246 346 8
497 148 74
311 464 60
244 495 46
543 9 30
445 295 3
109 283 3
398 281 13
284 501 8
109 112 3
25 542 54
407 99 3
537 280 88
223 22 105
353 307 74
274 355 8
162 135 106
217 502 46
449 428 3
25 537 54
450 431 92
223 404 8
22 269 87
19 308 43
516 311 50
534 529 36
265 280 88
538 95 66
216 174 66
111 271 57
132 286 8
198 198 92
240 4 15
207 476 37
22 264 56
153 280 74
238 70 42
537 321 9
177 440 53
129 442 30
424 405 30
93 227 92
127 542 97
271 523 92
55 55 92
542 140 76
362 280 63
216 368 21
122 219 92
393 56 14
416 131 26
222 546 32
195 311 50
285 280 18
359 138 20
446 74 49
265 460 96
268 56 14
439 311 50
238 140 76
109 10 48
383 301 3
271 140 76
199 334 8
358 436 3
359 351 77
122 507 33
67 264 91
130 244 3
416 394 83
440 280 74
394 458 95
529 511 66
280 351 77
542 483 101
399 124 98
161 379 8
135 429 87
398 412 66
37 306 66
153 379 8
321 61 72
137 122 105
347 22 61
192 537 49
67 123 72
448 545 33
456 183 65
22 71 66
516 146 30
327 378 52
25 516 54
21 81 49
130 534 3
238 50 42
74 233 32
470 470 92
456 34 50
321 426 92
25 244 54
542 198 0
37 299 30
129 445 50
238 537 82
122 311 50
363 66 8
170 5 53
216 342 88
470 34 50
109 89 3
25 401 54
135 412 66
122 451 3
117 104 29
524 392 13
321 417 22
439 292 23
163 207 49
24 379 8
127 15 17
244 527 30
130 395 3
438 315 30
129 331 87
56 60 49
524 392 7
524 175 2
25 158 54
178 385 49
25 208 54
263 224 3
401 239 7
263 482 52
25 534 54
216 245 92
57 537 49
122 276 66
23 226 8
456 442 30
532 233 52
25 154 54
202 379 7
417 421 69
132 288 46
524 300 6
323 331 87
222 182 3
280 266 30
321 537 9
438 510 92
537 135 97
265 19 97
434 379 8
398 335 92
541 541 92
380 500 8
93 157 22
158 193 66
438 93 19
359 449 74
25 19 12
529 534 97
483 79 66
25 395 54
351 444 92
25 541 54
107 385 95
351 499 87
537 439 61
216 364 3
543 229 43
257 497 49
233 474 50
184 84 10
111 233 94
325 321 49
111 269 87
366 188 81
378 536 92
540 280 18
323 528 66
8 271 46
529 277 94
8 392 8
321 439 88
60 2 105
25 125 54
403 545 7
117 15 31
410 379 8
236 522 66
386 359 74
122 442 30
25 265 54
25 285 54
459 67 77
223 133 30
137 442 30
217 87 96
337 116 61
265 455 50
55 442 30
263 493 49
46 450 74
17 399 33
378 248 30
25 353 54
55 203 74
154 338 66
385 357 66
378 422 66
142 86 30
37 113 92
470 185 50
439 281 13
154 250 50
313 289 81
244 545 13
75 280 18
122 140 76
395 42 92
280 216 96
359 398 77
177 386 53
2 2 92
280 512 66
286 305 81
321 280 61
334 267 81
163 294 3
184 392 29
342 435 42
450 51 30
390 473 32
359 45 30
349 395 46
439 233 32
529 239 13
135 281 13
142 359 105
22 459 56
220 15 17
271 392 13
22 134 92
456 182 77
390 122 9
403 110 92
342 274 74
516 269 87
497 233 94
378 131 26
280 321 19
439 537 55
192 454 53
60 409 59
164 516 49
130 385 3
399 383 81
195 331 87
279 399 8
359 443 87
517 345 3
280 359 97
111 439 77
542 117 0
325 43 3
100 101 5
168 470 64
2 402 30
458 345 95
543 445 50
456 387 50
240 484 1
280 100 74
321 398 97
388 366 8
508 541 49
25 122 12
362 512 66
257 288 49
493 311 50
74 249 75
450 384 66
25 127 54
305 233 95
459 233 94
359 160 76
537 370 87
526 59 8
240 281 13
116 266 30
25 385 54
182 108 30
60 442 30
390 10 34
456 254 94
459 22 36
280 160 76
130 349 94
114 150 66
538 1 43
182 232 50
25 543 12
55 203 75
280 172 74
395 127 9
524 439 77
25 535 54
127 413 92
271 439 80
279 101 49
449 379 8
162 353 45
165 530 52
223 38 87
516 143 66
125 526 74
321 396 50
238 193 66
542 395 36
424 137 55
122 354 80
337 173 92
362 359 41
184 259 10
93 297 66
476 310 50
247 379 8
319 106 49
321 311 50
230 230 66
137 10 34
207 313 33
195 159 66
25 259 54
529 250 50
25 483 54
376 20 23
439 127 82
137 489 42
216 442 30
497 473 32
37 321 90
469 66 8
93 488 30
545 515 81
321 441 3
424 473 32
403 76 66
213 389 92
124 442 30
355 475 81
135 398 41
395 68 85
55 203 50
342 136 50
438 501 42
277 239 8
57 379 8
474 320 49
203 226 8
25 264 12
154 529 86
424 270 87
52 59 8
122 387 50
25 67 12
401 343 92
541 60 19
392 20 81
325 66 8
135 537 63
220 127 41
280 268 74
390 452 87
398 307 75
8 111 49
264 22 63
526 1 48
239 505 81
280 274 24
280 116 77
165 241 52
380 546 95
2 60 105
534 427 92
220 79 66
352 200 53
265 480 66
215 282 31
215 379 8
532 67 49
238 83 30
176 90 95
161 537 52
538 88 30
236 317 92
416 248 30
25 135 54
439 271 55
104 289 81
287 309 30
215 537 40
321 183 65
537 322 92
223 72 92
135 307 75
190 521 95
25 182 54
280 311 50
151 313 8
448 394 83
351 359 27
525 450 49
55 280 19
542 92 30
263 334 8
448 29 66
184 160 76
439 66 13
2 366 13
67 261 42
439 392 13
137 12 50
25 502 54
280 439 28
25 390 54
385 96 103
493 382 79
25 223 12
540 160 3
524 336 50
376 392 6
114 296 31
182 365 92
459 264 41
55 460 32
163 313 8
342 242 92
287 513 30
542 127 36
404 62 81
179 66 8
379 547 81
421 468 47
168 442 30
122 12 50
321 65 3
507 344 81
385 461 92
125 125 92
217 346 8
321 369 50
216 136 50
537 442 30
101 290 92
116 408 92
142 69 87
348 199 53
25 416 54
410 93 46
25 342 54
25 323 12
25 456 54
129 212 3
359 391 96
22 234 97
416 332 92
114 209 92
280 34 50
346 502 98
130 195 3
535 150 66
386 392 8
342 442 30
198 167 30
201 303 49
208 102 66
280 342 39
182 442 30
122 94 3
529 548 30
445 404 8
46 403 49
359 391 19
25 424 54
135 353 48
524 331 87
424 144 66
130 264 3
168 185 50
264 234 41
529 160 76
265 442 30
524 329 92
142 262 66
342 7 21
265 160 76
25 32 54
439 537 32
496 399 13
390 172 32
439 537 61
460 44 73
107 355 8
342 48 74
130 55 3
470 59 75
537 398 97
25 195 54
493 439 105
445 64 3
400 517 31
116 479 32
362 359 84
61 379 44
25 378 54
525 378 46
25 493 54
111 186 50
238 0 42
346 149 81
321 331 87
125 333 3
268 366 8
157 374 72
55 203 77
244 517 43
470 442 30
161 238 49
177 392 8
351 359 0
130 125 3
213 14 66
321 412 66
74 233 94
25 271 54
182 531 66
445 26 3
378 545 33
201 11 49
127 280 28
432 355 8
352 101 49
195 199 74
107 350 3
323 311 50
25 55 54
421 27 47
207 425 92
2 60 19
172 507 8
260 439 49
280 353 97
195 442 30
460 497 49
67 459 63
25 60 54
5 325 95
492 406 53
400 545 8
109 490 48
469 164 95
142 280 105
111 84 88
25 459 12
372 105 92
32 130 33
25 37 54
470 52 74
139 73 3
181 91 3
462 497 49
25 17 54
196 246 74
154 272 92
534 239 13
125 442 30
287 414 30
126 280 49
502 296 43
148 59 8
497 225 3
537 387 50
238 537 32
537 412 66
534 304 30
448 119 92
25 74 54
25 351 54
265 331 87
137 137 92
476 313 8
524 233 94
449 398 53
84 351 101
154 529 77
177 351 74
351 273 66
154 442 30
497 333 3
280 331 87
280 195 80
394 545 8
319 500 8
114 502 36
432 447 50
85 445 49
198 542 103
493 477 92
25 168 54
385 355 13
274 385 49
223 128 66
135 321 63
125 265 105
101 248 30
130 518 42
483 180 30
323 442 30
280 439 105
57 93 46
25 207 54
124 399 33
122 280 105
321 325 75
401 211 66
321 464 3
244 190 43
372 312 30
185 1 25
321 66 13
450 545 13
280 387 50
280 485 35
25 216 54
117 542 101
280 504 92
535 502 36
213 63 30
542 117 48
462 286 8
378 520 17
25 213 54
55 44 46
271 331 87
25 321 54
323 140 76
403 495 46
198 15 43
182 456 48
220 483 97
208 207 61
271 439 61
25 359 54
198 127 57
25 129 12
10 507 8
22 316 16
423 342 46
25 236 54
148 478 3
181 59 33
471 140 3
25 287 54
362 398 82
395 191 66
196 246 75
68 16 3
195 267 99
541 252 32
342 178 74
207 487 66
542 483 38
178 355 8
516 140 76
385 475 71
456 166 3
393 2 49
25 238 54
238 324 92
256 457 69
93 118 36
462 288 49
25 142 54
195 280 55
135 40 92
158 291 92
486 546 32
25 439 54
385 447 50
347 442 30
434 428 50
372 439 9
524 506 42
238 463 42
171 439 49
287 189 92
543 314 73
96 385 19
20 474 53
127 191 66
388 188 95
165 166 60
122 354 61
395 442 30
438 308 43
398 537 36
359 280 36
479 337 49
424 147 92
130 459 3
182 380 75
524 66 18
238 228 93
386 376 46
25 137 54
529 442 30
135 280 101
490 451 52
101 293 32
416 545 33
449 162 53
534 116 18
541 442 30
493 195 105
280 279 74
403 155 4
288 286 13
74 160 76
252 60 49
423 355 8
127 442 30
104 542 98
207 146 30
25 347 12
537 238 51
445 407 3
25 540 54
111 356 92
351 359 77
505 154 48
2 60 62
363 469 95
238 103 94
541 366 13
19 265 63
280 321 80
238 379 13
223 543 80
25 398 54
25 288 54
129 330 92
25 448 54
154 239 18
288 430 30
44 126 14
127 220 41
48 342 49
130 345 32
264 71 66
223 445 50
60 541 48
118 93 97
280 161 96
74 66 13
169 379 8
238 31 42
135 359 77
137 472 50
170 66 8
393 366 8
25 198 54
158 326 83
74 98 92
342 258 50
440 392 8
540 442 30
529 239 7
100 399 8
265 194 92
280 101 11
493 442 30
401 442 30
288 160 76
423 385 49
438 361 66
439 331 87
117 117 2
542 483 0
125 373 50
158 372 91
122 472 50
380 533 3
446 66 8
25 470 54
529 191 92
236 514 30
280 178 24
192 379 8
285 328 66
434 321 49
25 22 12
445 544 3
25 93 54
75 163 74
321 183 30
162 494 85
439 28 42
542 47 92
542 483 18
264 67 77
216 432 2
122 331 87
154 277 94
493 140 76
439 381 31
32 32 92
60 280 57
25 438 12
280 445 104
321 307 75
342 216 88
111 392 13
165 205 52
390 49 92
195 339 92
67 375 83
321 442 30
537 340 83
456 58 92