1121
342 522 44
277 214 36
351 408 26
251 535 36
143 41 13
19 224 22
88 287 61
215 67 25
215 289 25
342 327 61
230 452 46
339 224 39
78 102 86
421 475 26
19 251 0
131 543 48
339 483 37
403 152 14
368 331 44
28 360 23
342 368 104
124 452 60
17 94 46
482 34 6
182 298 82
385 375 37
362 158 79
533 83 68
329 452 60
188 1 2
215 391 25
58 403 106
215 331 25
313 212 46
276 360 0
354 194 0
131 159 37
135 280 80
88 66 47
10 533 56
342 540 5
409 445 78
522 162 87
157 133 0
399 178 47
469 204 23
469 403 106
112 515 37
440 362 46
400 520 66
140 371 46
533 342 56
342 492 8
469 127 70
17 358 13
469 375 37
139 131 98
342 218 16
328 493 36
437 224 56
289 204 23
399 375 37
410 411 88
356 271 47
215 38 25
215 61 25
496 431 46
367 209 82
390 392 46
368 150 5
139 267 58
342 418 44
120 342 21
331 384 70
327 363 66
382 495 26
190 306 37
460 276 13
251 375 37
131 171 0
131 163 78
342 396 99
188 498 47
367 360 23
418 452 86
469 192 45
436 436 47
45 258 37
107 360 23
350 533 5
412 91 0
485 485 47
514 252 36
342 456 45
342 143 67
10 52 44
215 395 25
10 192 58
391 294 82
188 514 81
19 396 0
297 480 28
368 41 52
382 396 13
330 16 28
323 378 37
131 236 36
533 28 97
96 463 41
179 533 13
437 224 61
358 349 2
522 291 24
104 102 46
19 358 0
533 252 36
514 448 36
164 273 0
243 122 14
28 128 82
45 59 5
390 418 15
327 204 23
192 389 40
78 487 0
543 383 92
215 525 25
10 332 36
139 342 56
188 375 37
96 67 13
400 360 23
233 342 5
116 499 32
367 452 58
215 356 25
476 113 82
287 342 22
432 204 23
110 485 79
432 521 36
480 504 28
459 39 66
504 387 47
117 338 66
400 403 2
476 511 47
61 61 47
482 342 22
367 452 60
418 287 100
514 464 0
210 451 46
215 518 101
10 173 2
381 375 37
215 131 25
215 307 25
524 80 80
107 432 56
331 375 37
490 224 61
139 319 5
460 231 0
266 403 80
391 32 47
29 431 46
383 0 76
362 196 40
89 438 46
215 216 25
328 326 106
478 51 41
393 366 102
222 371 58
67 147 12
215 116 25
469 192 60
215 112 25
19 190 0
426 114 40
490 160 86
157 41 80
215 88 25
350 10 13
67 67 47
131 148 73
169 522 98
327 124 91
215 124 25
370 342 74
109 110 46
436 381 9
17 428 0
492 162 72
126 488 46
478 294 82
58 352 0
328 514 9
246 473 36
418 209 82
395 337 82
328 448 36
436 154 37
307 404 14
203 203 70
210 129 0
177 293 82
533 449 36
215 544 25
215 182 25
139 418 98
522 169 61
413 94 46
308 57 37
45 136 82
547 212 46
331 21 0
371 172 40
327 232 37
215 485 25
368 125 82
215 522 25
152 289 13
215 367 25
215 533 25
215 343 101
390 452 46
162 502 62
497 43 37
10 520 66
535 342 54
368 268 36
188 317 95
215 509 25
195 342 56
206 58 13
174 246 26
253 537 46
336 204 23
28 192 58
229 252 36
428 108 26
251 535 78
367 267 58
343 151 91
215 224 25
278 41 52
381 165 18
215 476 25
436 381 52
190 252 36
514 342 9
525 371 86
190 340 47
418 131 81
334 45 14
336 375 37
348 478 13
409 438 58
342 111 29
67 546 37
215 339 25
45 324 47
399 86 82
61 366 36
432 87 82
326 464 28
117 517 37
261 534 61
139 209 82
287 303 47
19 343 0
501 295 26
358 358 47
52 195 35
547 193 0
12 246 11
45 74 48
116 9 47
354 286 46
327 435 5
437 490 81
215 499 25
381 358 22
334 418 13
3 510 36
218 420 83
26 71 0
514 30 47
417 192 46
419 440 78
58 542 5
215 220 101
307 138 70
220 45 52
476 356 75
94 119 40
400 431 58
323 224 35
50 315 68
342 131 75
45 526 89
297 307 13
459 489 47
319 59 80
158 294 82
327 397 5
216 15 47
370 342 98
215 418 25
343 261 98
67 19 86
367 131 89
522 342 44
417 513 26
351 452 46
216 533 98
367 139 91
19 403 2
115 107 22
342 413 5
395 107 75
450 190 56
418 375 37
418 533 75
152 431 46
215 246 25
342 93 87
261 518 77
251 535 5
261 388 47
539 368 13
215 399 101
19 409 0
533 52 56
497 8 62
131 100 84
270 430 2
490 418 65
215 342 25
58 285 5
277 342 21
248 82 47
385 261 75
308 497 16
473 366 105
393 548 37
437 199 6
436 94 58
348 158 14
504 512 73
535 456 46
367 319 5
490 437 81
93 452 46
139 342 35
454 501 80
379 147 12
342 367 61
131 367 61
504 147 12
75 351 80
277 354 5
370 367 33
251 492 14
367 394 47
397 131 13
395 537 58
381 401 47
432 248 61
287 6 68
229 355 82
533 527 66
328 180 68
300 20 71
45 452 60
190 450 56
453 94 46
485 375 37
330 472 28
261 343 77
473 366 34
224 49 47
233 192 46
358 381 52
215 308 101
327 214 87
26 145 28
381 94 58
226 29 80
220 250 82
432 107 56
537 115 40
350 28 14
304 518 98
522 68 82
435 482 26
488 27 40
19 61 0
336 336 47
456 502 40
397 452 46
514 360 23
41 488 58
307 2 47
327 342 89
518 304 56
160 224 79
10 11 47
251 251 47
540 447 1
215 188 25
215 144 25
342 460 5
533 541 82
279 418 14
215 328 25
203 33 41
261 520 66
131 342 75
126 41 13
450 425 47
413 436 13
533 360 23
229 375 37
450 461 0
215 195 25
342 261 9
61 522 9
254 537 46
409 409 47
342 446 37
459 95 82
150 488 46
139 70 78
342 131 16
289 403 2
120 255 47
367 418 89
533 403 2
390 69 41
463 280 0
403 173 36
112 176 82
497 183 102
246 174 5
53 371 46
261 361 37
323 374 47
215 504 25
289 403 106
370 161 47
26 499 13
475 62 46
469 269 68
107 395 75
342 204 23
224 323 21
188 507 66
497 210 36
215 45 25
304 281 68
358 381 35
342 533 65
497 497 47
215 287 25
469 527 66
41 57 37
279 452 46
10 121 82
326 106 28
532 18 46
533 452 58
514 375 37
339 339 47
396 484 47
207 452 46
254 182 13
158 375 37
251 535 56
246 223 36
412 317 22
529 430 2
350 192 46
117 467 47
327 347 37
261 8 62
342 150 67
435 367 26
107 537 21
358 94 58
432 537 60
295 163 80
384 488 46
289 375 37
229 141 47
195 52 56
158 333 102
139 360 23
412 426 46
261 360 23
457 445 13
499 84 90
124 70 5
131 97 48
305 452 46
469 431 21
251 342 52
451 13 40
450 375 37
514 42 75
323 380 82
195 327 27
210 316 0
368 335 24
383 100 76
156 452 59
307 130 82
212 288 40
499 218 9
389 173 26
491 451 46
469 418 75
342 195 56
218 475 5
50 446 37
215 358 25
41 278 39
358 302 5
215 23 25
243 192 46
261 151 61
167 14 13
308 261 9
319 526 14
53 112 13
215 169 101
385 385 47
437 259 47
222 463 102
386 488 46
117 328 97
432 375 37
356 3 69
418 219 36
539 488 46
107 137 47
215 400 25
395 537 60
107 375 37
10 204 23
10 403 106
396 546 37
499 284 37
190 200 82
418 139 61
533 415 51
190 450 22
96 371 46
533 267 58
469 418 33
61 375 37
19 186 68
533 490 33
285 102 46
88 216 30
518 261 89
346 452 46
533 431 58
117 240 82
144 131 43
379 462 47
215 261 101
525 147 12
297 371 46
400 40 37
342 444 82
224 323 35
307 371 60
53 504 14
174 102 46
248 432 89
131 533 44
459 479 37
38 38 47
215 497 101
502 242 1
379 371 86
12 375 37
327 214 52
525 500 47
547 430 80
307 371 58
342 219 36
160 468 40
308 416 66
370 204 23
248 204 23
533 192 58
469 533 56
437 375 37
218 527 66
102 166 40
131 159 17
509 103 82
190 375 37
261 210 36
241 396 55
379 140 38
436 375 37
417 195 5
308 451 46
215 336 25
215 12 25
215 107 25
348 455 87
287 146 37
399 423 0
499 360 23
287 73 68
526 45 61
435 452 46
48 186 68
23 490 91
163 431 46
224 203 27
220 18 68
224 201 82
437 201 82
50 202 47
522 204 23
478 458 47
300 121 82
490 23 91
518 208 82
418 342 44
287 353 68
167 46 13
104 366 22
182 184 47
490 375 37
224 490 89
384 386 36
195 327 4
367 90 37
220 481 37
377 45 14
287 244 106
336 204 0
215 379 25
203 160 10
218 360 23
122 192 45
222 222 47
413 447 1
452 36 40
190 217 36
525 546 37
391 158 89
45 452 45
150 41 13
120 470 37
88 533 81
469 486 47
432 253 106
327 367 56
501 431 46
188 64 82
210 310 0
445 336 13
289 47 47
216 541 82
19 403 14
518 403 106
342 348 5
469 65 36
174 487 26
261 516 107
292 205 13
490 201 82
514 42 16
522 314 36
540 94 46
224 437 89
334 452 46
445 247 0
377 418 13
395 373 47
317 426 46
490 33 73
469 192 58
368 157 56
218 77 82
88 541 82
299 264 0
3 286 46
248 87 82
215 323 25
287 418 2
3 228 0
522 506 47
391 333 41
215 436 25
93 287 28
287 105 85
397 311 36
155 58 13
58 320 2
28 533 75
41 386 36
410 72 19
224 203 22
199 538 0
331 123 24
342 527 66
131 527 66
215 409 25
499 375 37
169 402 47
396 24 68
514 219 36
218 118 47
215 229 101
342 533 9
224 323 93
450 219 36
131 209 82
358 375 37
261 208 82
74 98 84
492 456 46
224 360 23
367 70 78
216 530 37
356 40 37
343 360 23
330 364 28
61 291 24
342 50 56
19 391 0
97 427 92
457 409 14
393 405 82
19 280 2
342 241 5
19 328 0
215 432 25
327 444 82
26 62 46
117 320 2
370 444 82
12 12 47
300 31 47
478 158 89
1 426 46
533 329 47
169 68 82
304 360 23
173 449 13
218 375 37
110 299 40
418 465 47
28 342 56
343 304 56
342 109 5
157 488 46
499 132 47
226 431 46
533 325 41
450 159 17
418 309 64
28 173 2
215 393 25
19 430 2
459 342 9
131 360 23
370 327 91
261 252 36
58 89 0
139 124 22
215 368 25
215 304 101
308 225 82
342 210 7
131 263 37
131 403 2
158 134 47
533 403 31
12 291 24
215 120 25
139 327 56
218 342 97
155 409 13
417 372 26
533 418 2
23 33 73
23 380 82
399 171 0
429 210 13
215 158 25
368 143 5
222 524 102
215 251 25
436 381 54
308 262 47
144 189 37
339 490 57
339 33 102
356 286 86
163 474 0
19 524 102
504 546 37
287 360 23
514 426 86
216 88 103
220 545 102
348 362 46
241 265 68
412 149 0
122 389 51
215 222 25
93 287 13
396 265 2
38 19 4
354 356 13
428 366 22
502 492 42
287 439 68
131 375 37
287 541 82
116 466 37
107 432 105
307 234 50
155 438 46
216 221 38
107 272 82
525 140 38
107 521 36
370 327 74
252 4 20
289 527 66
251 162 2
190 547 78
215 514 101
533 342 9
368 290 47
144 443 82
368 539 5
163 131 13
287 452 58
120 260 82
23 323 61
289 414 78
246 246 47
144 76 47
499 211 82
418 533 16
514 527 66
222 404 14
342 375 37
381 436 9
431 519 40
286 468 40
19 503 106
107 253 106
143 488 46
305 342 5
19 10 0
518 343 91
417 243 26
328 328 47
321 286 46
327 195 56
210 422 0
215 218 25
300 204 23
28 10 33
144 45 43
412 326 22
368 344 68
417 233 26
28 533 16
215 396 25
331 256 47
419 440 5
533 375 37
195 327 56
131 342 97
409 204 23
282 325 41
116 318 37
131 70 78
540 436 13
61 352 0
533 418 97
287 418 33
182 537 60
116 153 82
409 375 37
61 104 5
469 75 45
342 223 36
41 27 53
41 22 47
379 197 82
522 527 66
435 311 0
441 261 28
496 400 13
162 58 13
93 418 28
215 450 25
85 85 82
246 102 96
304 187 84
218 131 9
400 252 36
418 367 61
215 248 25
441 403 28
342 1 5
131 431 58
116 477 37
177 312 47
522 301 37
28 407 47
418 360 23
109 396 13
327 508 47
499 252 36
248 537 58
283 438 46
400 198 47
140 135 80
218 252 36
215 459 25
342 92 47
139 536 66
131 418 81
307 512 41
179 442 26
454 431 46
499 533 9
499 26 5
503 437 14
215 190 25
525 406 82
328 375 37
12 352 0
368 523 36
112 512 102
331 35 82
410 267 58
343 208 82
496 226 80
342 496 104
497 308 97
289 274 82
220 185 47
246 102 78
169 545 102
533 418 75
342 331 87
215 139 25
241 110 46
482 139 63
238 110 58
215 490 25
432 537 58
248 50 21
398 296 0
112 371 58
418 63 66
215 28 25
195 322 66
215 327 25
215 203 25
490 181 47
300 192 10
529 190 0
509 528 47
351 418 13
222 463 2
331 368 44
399 275 70
218 533 9
499 325 41
38 110 86
23 99 47
308 210 36
460 438 46
188 320 2
343 403 106
300 52 71
131 156 84
29 400 13
457 438 46
518 360 23
229 527 66
50 44 82
336 342 21
224 339 27
504 371 86
418 359 38
395 375 37
215 437 25
453 119 80
158 60 37
195 235 82
287 56 93
450 245 106
399 210 36
300 192 58
542 522 22
327 347 49
349 381 13
514 64 82
504 140 38
246 375 37
292 102 46
215 469 25
177 101 37
215 50 25
304 343 103
379 546 37
287 365 68
383 227 76
139 239 47
349 94 46
450 223 36
131 4 0
328 317 95
330 461 20
450 37 82
368 375 37
313 54 13
131 7 47
19 403 106
215 381 25
396 341 82
224 81 37
115 253 80
195 347 37
215 117 25
331 268 36
112 357 47
342 124 61
251 502 14
206 409 13
358 302 78
215 41 25
409 5 37
243 327 5
215 385 101
441 304 13
242 342 13
432 201 47
248 376 37
302 94 46
131 249 0
215 20 25
139 367 91
399 527 66
131 252 36
459 327 9
285 542 0
289 431 58
229 360 23
522 375 37
287 494 68
88 369 37
41 55 82
422 433 0
381 342 57
210 531 0
533 70 78
61 471 36
533 131 44
490 342 65
268 539 36
522 223 36
222 257 37
400 142 82
485 110 86
126 368 14
203 224 35
356 434 82
279 533 13
224 323 27
215 177 25
504 191 82
438 266 40
215 478 25
10 28 57
195 213 47
182 50 75
304 345 38
210 424 0
469 79 82
514 106 0
342 252 36
342 131 52
12 473 36
509 505 37
131 168 36
514 493 36
179 431 46
175 452 46
412 25 0
482 124 3
50 254 2
297 112 5
412 237 0
188 317 94
28 527 66
377 452 46
131 139 61
62 420 40
432 170 37
447 381 13