0 180
180 18
180 19
180 20
180 228
180 22
180 23
180 24
180 10
180 3
180 25
180 26
180 11
180 8
180 9
180 4
0 75
75 28
75 29
75 30
75 228
75 31
75 32
75 22
0 3
3 33
3 34
3 228
3 24
3 22
3 180
3 35
0 4
4 36
4 37
4 38
4 39
4 25
4 180
0 5
5 40
5 41
5 42
0 43
43 44
43 45
43 46
43 47
0 7
7 48
7 49
7 10
7 8
7 11
7 25
7 180
7 51
0 8
8 52
8 49
8 10
8 11
8 7
8 180
8 9
8 23
8 22
8 228
0 9
9 82
9 54
9 228
9 22
9 180
9 10
9 8
9 23
0 10
10 55
10 49
10 228
10 56
10 9
10 8
10 180
10 7
10 11
0 11
11 57
11 49
11 58
11 8
11 10
11 7
0 25
25 565
25 19
25 38
25 20
25 180
25 26
25 4
25 11
25 566
0 26
71 567
71 19
71 180
71 25
0 62
62 568
62 569
62 570
13 60
11 13
14 13
10 13
10 61
15 10
15 62
15 13
62 13
17 10
17 62
17 13
10 89
63 13
11 107
7 107
8 107
63 180
0 113
113 127
113 128
113 228
113 23
113 22
9 114
9 70
75 9
0 114
114 129
114 130
114 9
114 180
114 22
0 131
115 132
115 133
115 70
115 9
115 134
115 135
115 114
0 136
116 137
116 133
116 70
116 131
117 138
117 139
117 140
0 117
70 4
4 70
3 141
180 142
10 142
119 118
119 120
120 143
116 118
75 118
143 144
9 144
147 118
147 119
147 25
123 118
123 145
123 146
123 147
123 124
124 118
114 115
114 143
125 118
125 114
125 115
115 143
115 80
80 143
75 80
123 4
124 180
125 9
115 118
9 118
114 118
161 157
161 158
161 228
161 159
149 160
149 158
149 161
149 163
161 163
154 164
154 158
154 161
0 154
0 149
0 161
180 113
113 180
71 11
0 151
151 165
151 166
151 167
152 161
153 152
153 154
153 161
180 153
153 169
154 170
155 152
156 155
8 64
64 91
0 178
178 228
0 172
172 182
172 183
172 184
172 185
0 173
174 178
175 174
176 174
180 176
176 187
186 188
173 174
178 174
179 174
180 179
173 126
176 172
172 187
179 172
181 172
181 189
180 172
0 190
190 198
190 199
190 228
190 23
190 200
190 201
0 191
191 202
191 203
191 204
191 205
191 206
193 190
194 208
9 208
190 208
191 190
195 209
196 192
113 196
193 210
193 192
190 193
193 195
197 196
113 207
0 211
211 222
211 54
211 223
211 9
211 224
59 225
0 212
212 226
212 227
212 228
212 142
212 24
0 213
213 229
213 230
213 228
213 231
213 23
213 221
0 214
214 232
214 233
214 234
0 59
59 235
59 54
59 272
59 236
9 237
59 238
59 239
9 240
215 241
215 242
212 244
8 244
212 245
213 212
8 246
8 247
8 248
8 249
8 250
212 251
24 251
24 252
24 253
24 254
23 250
218 216
218 255
219 216
219 256
213 219
219 257
212 213
126 257
220 257
221 257
221 213
65 92
65 93
66 13
66 94
66 10
65 95
11 95
7 95
9 95
67 13
68 13
69 13
66 96
180 97
0 258
258 269
258 270
258 271
258 228
258 23
258 142
258 273
258 274
258 22
0 259
259 275
259 276
259 228
259 23
259 22
0 260
260 277
260 34
260 3
3 260
260 278
0 261
261 279
261 280
261 281
261 294
261 282
0 294
294 228
294 274
294 273
294 283
0 263
263 284
263 270
263 258
263 228
263 285
265 264
265 287
265 288
265 289
126 290
258 264
261 290
263 290
265 291
263 266
266 264
265 266
267 264
180 267
263 267
294 266
265 268
258 292
258 293
268 292
268 293
294 268
0 74
74 310
74 311
74 312
295 312
74 278
74 313
0 296
296 314
296 297
296 298
296 272
0 297
297 314
297 315
297 298
297 272
0 298
298 316
298 314
298 317
298 315
298 318
298 23
298 135
298 305
298 272
0 299
299 228
299 298
0 300
300 319
300 320
300 321
300 301
300 322
300 305
0 301
301 300
301 305
301 323
301 324
0 302
302 325
302 326
302 228
302 327
302 305
302 111
302 22
302 328
0 303
303 329
303 330
303 331
303 296
303 297
305 304
305 333
298 334
306 304
300 304
180 305
305 308
307 305
308 335
298 336
305 337
301 336
305 338
305 339
305 340
309 80
309 298
309 303
296 303
297 303
298 296
298 297
296 80
297 80
0 341
341 354
341 355
341 228
341 22
0 342
342 356
342 357
342 236
342 272
342 23
342 135
75 359
9 359
8 359
341 359
342 359
9 80
8 80
341 80
342 80
126 80
344 359
344 8
360 344
346 359
346 341
347 359
347 342
348 359
348 349
349 359
349 360
8 344
344 361
350 359
350 347
351 359
351 342
351 350
180 351
353 359
353 9
353 362
341 363
80 346
73 7
7 26
59 99
59 100
59 364
0 365
365 382
365 383
365 184
0 366
366 384
366 385
366 184
0 367
367 386
367 387
367 184
0 368
368 388
368 377
0 369
369 389
369 390
369 391
369 392
0 370
370 393
370 394
370 395
370 396
0 371
371 184
373 398
365 372
366 372
367 372
365 399
366 399
367 399
367 392
365 374
366 374
367 374
374 372
374 375
375 400
126 400
126 376
376 401
368 372
368 376
377 400
368 402
370 372
370 392
378 372
378 379
379 367
378 370
378 369
370 402
371 126
371 399
369 372
380 372
380 369
380 367
381 372
381 371
381 377
74 62
59 101
0 409
409 228
409 405
409 180
405 406
406 180
180 404
407 404
407 180
409 407
3 408
408 405
408 126
409 408
405 410
180 410
410 408
410 404
409 410
211 411
75 10
8 76
76 13
0 421
421 424
421 521
421 426
421 420
421 413
421 427
0 420
420 428
420 521
420 421
420 228
420 413
420 10
420 180
420 418
0 413
413 429
413 521
413 228
413 421
413 420
414 430
0 427
427 431
427 432
427 433
427 421
0 416
416 434
416 421
416 420
0 417
417 421
0 418
418 435
418 432
418 427
418 420
419 421
420 419
420 437
421 416
416 437
421 417
417 437
417 419
418 437
126 421
126 422
126 430
422 413
413 423
423 438
9 420
0 439
439 454
439 455
439 321
0 440
440 456
440 457
440 228
440 441
440 458
440 459
0 441
441 460
441 461
441 228
441 440
441 462
441 453
0 442
442 463
442 464
442 465
442 8
442 62
439 443
440 439
444 443
444 439
444 440
446 443
446 467
446 439
180 440
440 446
447 443
448 447
440 447
440 448
447 440
439 449
449 439
439 466
450 443
450 439
440 450
451 443
451 439
440 451
440 468
452 443
439 452
453 452
453 443
180 450
180 451
180 441
441 469
441 448
8 77
8 103
77 78
78 104
78 103
78 105
62 79
79 106
0 224
224 477
224 54
224 478
224 9
224 59
224 211
0 470
470 479
470 480
470 472
471 481
0 472
472 482
472 483
472 236
472 475
471 180
472 473
474 473
474 472
474 484
471 474
475 473
475 485
25 481
475 486
476 473
0 487
487 228
487 35
487 234
487 499
0 488
488 228
488 35
488 492
0 489
489 228
489 492
489 24
491 490
491 501
5 180
492 234
3 502
487 503
488 503
489 490
493 490
493 489
493 501
489 493
488 489
494 490
494 504
495 490
126 495
495 496
496 3
126 496
498 490
487 498
498 234
126 503
73 26
73 180
73 505
26 13
26 107
80 108
62 108
11 80
7 80
81 62
62 81
0 506
506 516
506 517
506 228
506 507
506 518
506 508
0 507
507 519
507 520
507 228
507 506
0 508
508 521
508 522
508 228
508 523
508 506
508 518
508 510
0 509
509 524
509 525
509 20
509 526
0 510
510 527
510 522
510 528
510 508
510 509
0 511
511 529
511 530
511 509
506 512
507 512
508 512
513 512
506 513
508 513
514 506
514 513
515 512
515 511
511 512
509 515
180 509
510 512
80 81
82 13
83 13
83 11
83 73
83 109
25 83
84 13
84 8
25 84
84 109
0 531
531 544
531 228
531 180
0 533
533 228
533 545
0 534
534 228
534 531
531 535
533 535
534 535
536 535
536 546
537 535
537 538
538 547
538 234
539 535
534 539
540 535
540 533
180 540
541 535
541 533
180 541
531 548
533 531
542 535
542 531
534 542
537 534
540 543
541 543
543 531
531 534
8 110
8 111
0 549
549 228
549 27
0 550
550 228
550 560
59 561
59 562
549 180
552 563
552 549
553 551
553 552
553 550
554 551
554 555
555 272
180 554
554 564
556 80
557 551
558 551
559 551
126 557
558 126
559 126
558 550
559 550
550 552
550 551
75 85
85 86
86 10
86 13
86 112
9 107
87 13
87 9
87 10
9 13
180 88
88 13
88 59
88 10
59 10
10 59
59 13
59 180
13 60
118 120
174 186
192 207
216 243
264 286
304 332
359 358
372 397
404 405
419 436
443 466
473 436
490 500
512 514
535 546
551 556
180 27
75 27
3 27
7 272
8 272
9 272
10 272
11 272
71 27
113 272
114 272
115 27
116 27
190 272
59 272
258 272
303 272
342 272
341 27
421 272
506 272
508 27
510 27
549 27
550 27
531 533
533 531
487 3
300 298
180 298
294 258
190 9
190 113
113 8
113 9
180 9
43 25
43 180
9 180
126 534
126 115
126 149
126 172
126 113
126 213
126 294
126 296
126 297
126 341
126 368
126 409
126 413
126 439
126 471
126 487
126 510
126 550

